603999
603993
603990
603987
603968
603959
603958
603955
603933
603917
603879
603861
603859
603829
603826
603817
603809
603803
603801
603788
603787
603757
603726
603721
603716
603683
603680
603659
603657
603656
603655
603648
603633
603606
603600
603598
603596
603588
603577
603527
603506
603488
603429
603385
603365
603356
603319
603316
603306
603301
603286
603277
603260
603258
603238
603218
603208
603200
603186
603181
603180
603166
603156
603136
603128
603117
603103
603100
603099
603088
603077
603076
603059
603036
603029
603028
603026
603015
603003
603002
601992
601949
601919
601908
601900
601890
601882
601866
601858
601700
601669
601567
601558
601228
601199
601188
601126
601117
601058
601020
601019
601012
601010
600978
600969
600962
600939
600936
600903
600897
600895
600881
600874
600866
600854
600850
600838
600835
600834
600820
600814
600805
600798
600797
600795
600777
600771
600758
600744
600738
600734
600731
600728
600727
600724
600721
600720
600719
600718
600717
600710
600704
600697
600694
600692
600691
600682
600668
600661
600650
600644
600641
600637
600636
600635
600630
600621
600613
600600
600586
600575
600561
600557
600551
600549
600546
600536
600526
600517
600497
600496
600495
600488
600483
600480
600463
600438
600433
600428
600425
600422
600420
600405
600368
600363
600361
600358
600330
600326
600320
600319
600312
600311
600306
600290
600288
600287
600284
600279
600272
600268
600260
600259
600258
600255
600252
600249
600212
600206
600199
600197
600191
600180
600170
600163
600160
600159
600135
600114
600111
600106
600081
600071
600069
600061
600057
600055
600031
600025
600018
600008
002921
002920
002917
002907
002890
002887
002883
002877
002873
002868
002865
002863
002861
002846
002843
002842
002840
002836
002835
002833
002827
002825
002824
002822
002813
002811
002809
002806
002796
002790
002775
002766
002759
002758
002748
002738
002728
002714
002712
002708
002701
002698
002689
002687
002681
002679
002677
002666
002664
002663
002661
002641
002633
002632
002629
002628
002627
002625
002624
002620
002598
002596
002588
002576
002574
002570
002569
002563
002559
002558
002557
002542
002540
002533
002528
002524
002519
002517
002510
002509
002505
002498
002496
002494
002493
002492
002491
002484
002479
002472
002471
002458
002455
002454
002438
002437
002433
002429
002428
002425
002424
002421
002417
002413
002407
002403
002398
002389
002383
002379
002378
002368
002366
002362
002361
002354
002351
002340
002332
002331
002330
002325
002314
002305
002300
002298
002293
002286
002284
002274
002271
002269
002263
002246
002243
002236
002234
002228
002225
002213
002209
002201
002200
002199
002196
002192
002189
002187
002180
002177
002173
002170
002168
002158
002156
002150
002140
002138
002129
002120
002114
002112
002105
002084
002082
002080
002079
002074
002060
002058
002055
002054
002040
002039
002036
002031
002023
002021
002010
000997
000993
000979
000973
000966
000962
000955
000951
000949
000935
000927
000917
000915
000903
000890
000883
000880
000876
000862
000837
000835
000831
000829
000826
000823
000812
000806
000803
000799
000798
000797
000793
000792
000789
000785
000779
000762
000735
000732
000727
000701
000680
000672
000637
000629
000620
000605
000595
000592
000582
000581
000576
000570
000560
000559
000537
000534
000528
000507
000503
000430
000425
000421
000417
000408
000301
000156
000088
000069
000068
000061
000058
000049
000045
000043
000037
000031
000025
000023
000022
000021
601558
600962
600710
600691
600644
600311
600163
600071
600069
603037
600756
600562
600532
600395
600354
600313
600136
600083
002848
002669
002567
002321
002193
002143
000861
000806
000586
000573
000048
603996
603989
603988
603919
